1 0.3880008 0.3310008 0.1870008 
51 1.5920008 1.2920008 1.2010008 
101 2.2010008 2.2050008 2.2380008 
151 3.1720008 3.1710008 3.1900008 
201 4.2450008 4.2430008 4.2820008 
251 5.2610008 5.2490008 5.2770008 
301 6.2740008 6.2270008 6.2820008 
351 7.2460008 7.0570008 7.1170008 
401 8.1020008 8.0070008 8.0170008 
451 8.8680008 8.8370008 8.7700008 
501 9.6880008 9.6200008 9.6050008 
551 10.5620008 10.5670008 10.4970008 
601 11.3710008 11.3200008 11.3180008 
651 12.2610008 12.1380008 12.1330008 
701 13.0200008 12.9410008 12.9350008 
751 13.8230008 13.7520008 13.7450008 
801 14.6870008 14.6130008 14.6080008 
851 15.4580008 15.4170008 15.4210008 
901 16.3520008 16.2780008 16.2860008 
951 17.1330008 17.0750008 17.2610008 
