0 0.3610008 0.2180008 0.1100008 
50 1.4460008 1.1320008 1.2260008 
100 2.2200008 2.2390008 2.1940008 
150 3.2630008 3.2290008 3.2440008 
200 4.3270008 4.4200008 4.3700008 
250 5.3710008 5.3930008 5.2970008 
300 6.3030008 6.3390008 6.3350008 
350 7.2160008 7.0410008 7.1240008 
400 8.0440008 7.9350008 7.9330008 
450 8.8220008 8.7400008 8.8010008 
500 10.2780008 9.6450008 9.6110008 
550 10.5780008 10.4570008 10.5290008 
600 11.3080008 11.1940008 11.2840008 
650 12.1550008 12.0500008 12.0930008 
700 13.0040008 12.9150008 12.8840008 
750 13.7490008 13.7180008 13.6840008 
800 14.6130008 14.5530008 14.5260008 
850 15.4220008 15.3380008 15.4330008 
900 16.2990008 16.1810008 16.2190008 
950 17.0700008 16.9920008 16.9610008 
1000 17.9190008 17.8050008 18.5260008 
