0 4.0570008 2.1840008 2.0520008 
50 3.7000008 3.6420008 3.6530008 
100 4.8990008 4.8710008 5.0040008 
150 6.4180008 6.4490008 6.4610008 
200 7.6920008 7.6320008 7.4660008 
250 8.5280008 8.8030008 8.8020008 
300 10.0640008 9.9740008 9.9200008 
350 11.0370008 10.9350008 11.2050008 
400 12.4730008 12.4020008 12.4340008 
450 13.6310008 13.5440008 13.3500008 
500 14.8180008 14.7640008 14.7470008 
550 16.0400008 15.9340008 15.8390008 
600 16.9790008 17.0960008 17.1220008 
650 18.3690008 18.1490008 18.1390008 
700 19.2360008 19.0540008 19.2750008 
750 20.4610008 20.5880008 20.4750008 
800 21.6790008 21.9260008 21.6980008 
850 22.9390008 22.9510008 22.8850008 
900 24.0790008 23.8900008 24.0390008 
950 25.2370008 25.6250008 25.0480008 
1000 26.2270008 26.2110008 26.1970008 
