1 0.5990008 0.2460008 0.1660008 
2 0.2930008 0.1050008 0.1060008 
4 0.2780008 0.1830008 0.1650008 
8 0.2770008 0.2910008 0.2730008 
16 0.4760008 0.4280008 0.4260008 
32 0.7660008 0.9010008 0.8490008 
64 1.5580008 1.6210008 1.5870008 
128 2.7790008 2.8810008 2.8920008 
256 5.4680008 5.5380008 5.5630008 
512 10.1670008 9.8650008 9.9420008 
1024 18.5910008 18.3290008 19.3630008 
2048 35.2100008 35.1840008 35.8040008 
4096 72.1390008 69.3480008 69.3080008 
8192 144.0170008 143.5780008 143.6030008 
16384 318.4850008 318.6770008 318.3910008 
